241
317
325
789
153
603
349
241
317
325
755
148
153
48
603
124
153
108
151
153
520
518
153
492
230
603
698
351
142
556
206
456
604
245
249
249
168
353
492
0
551
249
249
440
241
353
0
638
700
72
241
353
0
638
700
72
241
353
0
638
700
492
72
241
353
0
638
700
72
241
273
188
576
241
143
188
576
273
518
153
143
351
153
159
194
456
249
440
273
159
0
351
361
518
317
580
207
153
563
365
169
153
492
273
518
153
143
40
153
143
556
747
194
721
249
440
520
153
159
317
40
492
520
382
249
249
440
520
518
153
492
143
508
440
241
143
700
576
241
273
700
576
108
518
153
249
241
563
700
576
241
0
108
492
558
241
317
603
433
241
0
325
108
51
249
440
241
241
0
492
325
518
188
576
241
558
188
576
397
395
194
511
573
169
153
563
556
361
389
241
492
317
213
95
742
241
317
317
213
700
95
742
241
317
317
213
700
95
742
241
317
317
213
700
95
241
159
317
755
188
576
353
0
213
249
249
48
207
153
558
492
159
747
194
721
440
563
159
492
361
395
95
241
317
563
159
257
361
755
603
510
397
437
691
132
241
317
325
241
317
580
194
511
573
710
440
563
556
159
556
159
456
604
389
241
317
492
395
75
762
153
687
153
459
153
603
233
153
265
508
440
251
194
522
492
199
153
356
317
215
153
356
317
249
48
523
492
153
251
619
153
356
317
119
153
520
435
153
50
249
249
353
395
108
361
188
492
72
241
0
325
755
603
704
249
249
440
563
194
132
151
153
563
603
132
518
492
153
159
124
153
249
249
48
230
603
704
492
249
440
416
603
704
492
249
249
440
416
603
492
51
249
440
78
563
573
351
153
416
603
698
755
492
142
159
206
456
604
168
353
556
492
742
459
153
367
153
82
153
603
162
153
806
508
440
404
806
437
361
435
700
576
492
404
29
108
361
233
700
576
29
551
90
194
511
437
698
27
662
249
249
168
206
492
459
153
146
194
132
0
168
404
19
700
72
404
670
700
492
72
249
48
404
404
317
213
488
700
72
404
404
317
492
213
320
700
72
404
356
700
703
404
806
700
576
404
29
700
139
404
29
194
594
700
703
194
508
440
404
317
404
317
194
603
510
249
341
535
194
522
207
662
153
173
492
435
153
732
535
233
153
404
317
325
508
440
404
317
325
492
758
153
194
508
249
249
440
404
317
404
317
194
603
510
249
173
194
522
600
153
806
0
367
194
29
194
492
456
604
249
168
292
492
0
349
230
230
317
580
108
361
245
700
139
230
603
132
194
51
249
440
230
520
700
139
230
492
317
580
245
257
387
249
440
520
0
213
492
798
108
251
108
430
604
75
230
230
334
511
361
245
213
798
290
249
249
440
230
492
213
798
290
249
249
440
230
251
72
492
230
520
230
317
580
108
361
245
230
603
132
257
704
604
700
139
249
249
48
404
603
700
576
292
492
0
551
142
704
249
440
292
0
82
153
404
520
700
576
404
520
691
700
72
404
317
492
194
603
322
404
317
325
459
0
168
806
492
603
721
249
249
440
404
317
404
317
603
322
292
404
317
325
459
404
317
325
603
510
